-5
-4.7979797979797985
-4.595959595959596
-4.3939393939393945
-4.191919191919191
-3.9898989898989896
-3.787878787878788
-3.5858585858585856
-3.383838383838384
-3.181818181818181
-2.9797979797979797
-2.777777777777778
-2.5757575757575752
-2.3737373737373737
-2.1717171717171713
-1.9696969696969693
-1.7676767676767677
-1.5656565656565662
-1.3636363636363633
-1.1616161616161622
-.9595959595959598
-.7575757575757573
-.5555555555555558
-.35353535353535337
-.15151515151515138
.05050505050505061
.25252525252525304
.45454545454545414
.6565656565656566
.8585858585858581
1.0606060606060606
1.262626262626263
1.4646464646464645
1.666666666666667
1.8686868686868685
2.07070707070707
2.2727272727272734
2.474747474747475
2.6767676767676765
2.878787878787879
3.080808080808081
3.282828282828283
3.4848484848484853
3.6868686868686873
3.8888888888888884
4.090909090909092
4.292929292929292
4.494949494949495
4.696969696969697
4.8989898989899
5.101010101010101
5.303030303030303
5.505050505050506
5.707070707070708
5.909090909090909
6.111111111111112
6.313131313131313
6.515151515151516
6.717171717171716
6.919191919191919
7.121212121212122
7.3232323232323235
7.525252525252526
7.727272727272727
7.929292929292929
8.131313131313131
8.333333333333334
8.535353535353536
8.737373737373737
8.93939393939394
9.141414141414142
9.343434343434344
9.545454545454547
9.747474747474747
9.94949494949495
10.15151515151515
10.353535353535353
10.555555555555555
10.757575757575758
10.95959595959596
11.16161616161616
11.363636363636363
11.565656565656566
11.767676767676766
11.96969696969697
12.171717171717171
12.373737373737374
12.575757575757576
12.777777777777777
12.97979797979798
13.181818181818182
13.383838383838384
13.585858585858587
13.787878787878789
13.98989898989899
14.19191919191919
14.393939393939394
14.595959595959597
14.7979797979798
15
